4
17
21
10
23
26
20
24
16
20
1023
1023
1023
21
39
14
0
0
0
0
0
0
0
0
0
0
0
0
0
0
0
13
17
0
1023
1023
1023
1023
1023
1023
1023
1023
1023
1023
1023
1023
1023
1023
1023
1023
1023
1023
1023
1023
1023
1023
1023
1023
1023
1023
1023
1023
1023
1023
1023
1023
1023
1023
35
0
4
4
4
4
6
9
5
4
4
4
3
3
4
3
5
2
7
2
5
10
5
4
3
8
8
2
97
37
138
80
0
875
877
880
879
878
877
877
877
717
353
0
0
0
0
0
0
0
0
0
0
0
0
0
0
0
0
0
0
0
0
0
0
0
0
0
0
0
0
0
0
0
0
0
0
0
0
0
0
0
0
0
0
0
0
0
0
0
0
0
0
0
0
0
0
0
0
0
0
0
0
0
0
0
0
0
0
0
0
0
0
0
0
0
0
0
0
0
0
0
0
0
0
0
0
0
0
0
0
0
45
125
167
264
498
755
903
1023
1023
1023
1023
1023
1023
1023
1023
1023
1023
1023
1023
1023
1023
1023
1023
